1.540434555448805556e+21
1.379279662822616990e+21
1.234301611276500730e+21
1.099012166331989885e+21
9.666923177267972014e+20
8.354393558252220580e+20
7.084773515568380641e+20
5.911708457012407828e+20
4.877903891317684306e+20
4.000890902557159588e+20
3.276103694754520760e+20
2.686414013844451492e+20
2.210373794166223995e+20
1.827047536946067538e+20
1.518116282272033997e+20
1.268418121445690409e+20
1.065766960858129367e+20
9.005144351447982080e+19
7.650731066520626790e+19
6.534877160439790797e+19
5.610793633510057574e+19
4.841601493697872691e+19
4.197983941654414950e+19
3.656012947459590963e+19
3.195146154909016474e+19
2.797150773034892493e+19
2.446519365666229453e+19
2.131631378929658675e+19
1.845356349060411802e+19
1.584561579084468019e+19
1.348845190876445491e+19
1.139039418695067648e+19
9.321385998931380224e+18
7.658549060742604800e+18
6.327882656930973696e+18
5.257003169174939648e+18
4.425587719074735616e+18
3.715737418752577536e+18
3.160263517161637888e+18
2.679623563935382528e+18
2.301303575617429760e+18
1.985487522451843072e+18
1.720664928475811328e+18
1.497592157045890048e+18
1.308824883409872128e+18
1.158073376244623104e+18
1.020196995943758336e+18
9.096028269201612800e+17
8.071803300322831360e+17
7.248416998164258560e+17
6.530547789015805440e+17
5.902609511500940800e+17
5.351498897676448000e+17
4.866183281383333760e+17
4.437357337383981440e+17
4.057157757643537280e+17
3.718926341052776960e+17
3.417013393743633280e+17
3.174557578616046720e+17
2.930313788534418560e+17
2.734114885460931200e+17
2.534254888704646720e+17
2.373995127898733120e+17
2.208586576099597440e+17
2.076474593325128960e+17
1.955393203324572480e+17
1.828158304735244480e+17
1.727030143078813120e+17
1.633795990073064640e+17
1.547689068327375040e+17
1.468026568396744320e+17
1.394199828360126080e+17
1.325665676311901600e+17
1.261938806596431520e+17
1.202585071888428640e+17
1.147215584373686880e+17
1.095481530052728160e+17
1.047069610374681600e+17
1.001698034894050880e+17
9.591129973602929600e+16
9.190855755772929600e+16
8.814090025158838400e+16
8.535184226380240000e+16
8.198225912634060800e+16
7.879847857496779200e+16
7.578635512626720000e+16
7.293302940765289600e+16
7.087232345247891200e+16
6.829327025916727200e+16
6.584178654596641600e+16
6.409000419220640000e+16
6.186195738881399200e+16
5.973726634562732000e+16
5.823960754156542400e+16
5.629850448605696000e+16
5.581501744920562400e+16
5.403735989156028800e+16
5.272800040198828800e+16
5.109685483972114400e+16
4.953120274926024000e+16
